0.000000000000000000e+00
-5.153684210521305431e+00
-1.030736842104772677e+01
-1.402105263157750414e+01
-1.629473684209528983e+01
-1.712842105262666337e+01
-1.652210526316139294e+01
-1.447578947365855129e+01
-1.098947368418976112e+01
-6.063157894734558795e+00
-1.136842105258892843e+00
5.229473684244112519e+00
1.015578947369931484e+01
1.508210526315451716e+01
1.712842105269828608e+01
1.629473684210552165e+01
1.402105263158773596e+01
8.867368421097125974e+00
3.713684210565588728e+00
0.000000000000000000e+00
