0.000000000000000000e+00 3.972777394948857621e-01
-5.941975220514734701e+00 4.092424774120396180e-01
-1.167942703243966207e+01 4.098356883636167791e-01
-1.450166956526686590e+01 4.071494705552078375e-01
-1.630628599265151024e+01 4.127197342929291857e-01
-1.795074900782992700e+01 4.273314386351746430e-01
-1.715573206118278904e+01 4.082469415584424333e-01
-1.363864055442036261e+01 4.252125881232854399e-01
-1.113370590312342756e+01 4.217077252879949945e-01
-6.314290115049061569e+00 4.208463727996624715e-01
-5.521941540564512252e-01 4.283851670256892397e-01
5.382205544810858555e+00 3.929025442023360015e-01
1.046235998565180125e+01 3.945610492751371878e-01
1.505389340086821903e+01 4.154486755694505318e-01
1.791177004247401783e+01 3.858381204752542315e-01
1.642339011215881328e+01 4.186899799111361009e-01
1.439992547958809155e+01 4.113368416231730218e-01
9.152208967029764608e+00 4.168113659854625341e-01
4.251023131300826208e+00 4.431961728880486895e-01
0.000000000000000000e+00 4.182710251973130178e-01
